-1.738177365
-1.0
-1.1
-3.184
-3.26711
-1.3940399
-5.69699501
-1.88220850599
-1.0
-1.896
-2.67905
-3.31562495
-1.0
-1.0
-1.0
-1.398
-2.9701
-3.3642394
-1.2294801398
-1.3999602
-1.0
-1.995
-2.9701
-2.1821197
-5.09999501
-1.68519850599
-6.30625238605
-6.87290268623
-6.70799317687
-7.74091324509
-3.39004657618
-1.77420838371
-5.96944807434
-4.1043903714
-5.64375037819
-6.41071300302
-2.24957664861
-1.50190808821
-3.68344503665
-2.33488017589
-5.88848219493
-5.93314060567
-8.97173429916
-7.79350711647
-10.7129848848
-14.6653293279
-11.8402244533
-2.17120096166
-1.199
-1.199
-1.0
-1.199
-3.3681
-2.1457334875
-5.30296142025
-5.08913502385
-6.06684698739
-8.57010483542
-7.47480938983
-1.0
-1.0
-1.199
-3.1691
-3.7581798
-5.785134411
-5.37649003495
-1.0
-1.597
-1.29701
-1.398
-1.0
-1.597
-3.3681
-3.7581798
-5.391094511
-1.58519850599
-2.17734652093
-1.99
-1.59402
-1.0
-1.199
-1.0
-1.498
-3.10674
-5.0696727
-5.901668797
-5.95640526288
-1.83607647366
-2.985
-3.26711
-5.5165586
-1.590099501
-2.189
-2.9701
-1.7880798
-6.085127678
-6.01934170041
-1.53845436245
-6.52969818822
-2.6105053292
-3.91642848828
-1.48772642034
-2.01115474684
-2.67005533229
-1.72867095579
-1.0
-1.398
-3.3681
-3.3641399
-1.7880798
-4.90099501
-1.0
-1.199
-3.7661
-1.0
-2.095
-3.025065
-5.5647854125
-1.4098602
-1.432626933
-1.46836964723
-3.09676536502
-1.40657977114
-1.43172377483
-3.93363537077
-3.077911
-1.809426378
-2.87566569138
-1.76323742155
-3.67548476103
-1.42945579221
-1.995
-2.9701
-1.0
-1.399
-2.20125125
-4.279427375
-1.79608476675
-1.23637805226
-4.27115698911
-4.23241924728
-4.96961279346
-2.18398333311
-1.86267549994
-1.0
-1.796
-1.22700285714
-1.0
-1.796
-1.62715692308
-3.26865353846
-1.84719340062
-5.42464340638
-2.76465371972
-7.08277424102
-5.89476507349
-1.0
-2.194
-2.9701
-2.5761596
-1.5144398004
-1.199
-1.30989
-2.7329555
-2.72439042
-4.66716621008
-1.73701501013
-3.83014953342
-3.69102915894
-5.75071903676
-5.99175727127
-7.03920051262
-1.0
-1.199
-1.398
-3.18135125
-1.0
-1.199
-1.825403
-3.70088365
-3.47140645445
-2.7241894005
-2.86174671916
-3.56412
-1.7880798
-5.13638244763
-1.58519850599
-1.299
-2.20125125
-1.596225225
-1.21683013513
-2.05283091689
-3.08460521543
-1.81075183266
-1.22923221572
-3.79533882915
-2.9701
-1.3940399
-1.299
-1.99
-1.89103
-1.9260266
-1.4577321945
-3.26577436277
-2.36993498574
-3.8694123628
-3.76229439961
-1.47246714556
-6.87142474105
-4.77036608411
-2.32485073018
-5.20605222881
-3.940399
-1.490099501
-6.83518356589
-4.24455506977
-1.0
-1.199
-1.0099
-1.0
-1.995
-3.20177
-2.16271372
-5.5604866216
-4.6915142893
-1.47671548122
-1.67987740587
-4.02948102751
-3.14215496593
-1.0
-1.797
-3.41081375
-4.48041788214
-5.67276486684
-2.04686893936
-6.78796809537
-3.46936507092
-1.88693428404
-5.83082876483
-1.63364214589
-1.398
-1.41978
-1.4221758
-3.723429217
-3.87865428006
-5.59078662626
-1.57309662928
-7.27065662984
-6.14320601906
-3.940399
-3.060398004
-4.11141230914
-6.20752572093
-7.26718194521
-7.37726725999
-7.7833939927
-3.40391932148
-1.1
-2.388
-1.29701
-1.7620133
-3.825085486
-1.0
-1.597
-3.18135125
-1.3940399
-5.29899501
-5.89609252995
-7.66306118671
-5.391094511
-6.43718356589
-6.7934652093
-3.31765916716
-1.33216550503
-4.28843849983
-1.1
-3.184
-3.56412
-3.940399
-3.060398004
-3.92099252995
-1.48817826047
-6.6289647786
-1.0
-1.0
-1.796
-1.23167
-3.293533
-1.852119534
-1.60559972311
-2.41825437259
-3.72885505874
-7.28545821873
-6.05304768447
-7.19581361793
-2.38737988432
-1.0
-1.398
-3.80966
-1.0
-1.597
-3.1691
-1.7880798
-1.0
-1.398
-1.0
-1.398
-3.3681
-3.13136764
-1.58793237272
-1.540672561
-3.38032917695
-2.9701
-1.3940399
-5.29899501
-4.72569551797
-6.7934652093
-1.0
-1.11089
-2.3997612
-1.0
-1.398
-3.815105
-3.091387375
-1.0
-1.0
-1.0
-1.1
-2.587
-1.0
-1.697
-1.99
-1.89103
-1.49551995
-3.6518237525
-3.4119295515
-2.1821197
-1.398
-2.9701
-1.0
-1.796
-1.21682
-3.345518
-2.9701
-1.3940399
-1.399
-3.1127
-3.2954103875
-1.0
-1.199
-1.49601
-2.29052995
-3.96705492006
-3.6895550242
-5.5762456396
-5.391094511
-7.02238207188
-8.15215825116
-9.27063666865
-8.64827525164
-3.01235849982
-2.3100882082
-4.4658832612
-2.52628750329
-1.60229563417
-4.18036338912
-4.94671990209
-1.3940399
-1.1
-1.597
-3.3681
-3.6611499
-6.390896505
-5.96044318283
-6.24426845549
-1.91818257709
-1.99
-1.79402
-3.1641995
-1.3935547505
-1.23129102256
-3.81775923562
-4.25688331206
-2.56429434368
-1.0
-1.199
-1.199
-1.20989
-1.5067911
-1.4018565945
-2.43795950714
-2.23749991207
-1.3940399
-1.0
-1.398
-1.199
-3.5671
-1.29701
-1.0
-1.199
-3.1691
-2.94109053
-5.2854289499
-8.05964047687
-10.0489757915
-2.52646480448
-1.34491112849
-1.22324620172
-4.60313739704
-4.34939653699
-5.14244964438
-5.48975268568
-10.0167447169
-8.94968739954
-9.34828265488
-1.87061906482
-1.27529128742
-4.49592211997
-1.1748835
-1.0
-1.1
-1.99
-1.89103
-4.537399
-4.440398503
-2.32548865449
-5.61541396683
-2.31077451403
-1.99
-1.59402
-1.0
-1.0
-2.194
-3.26711
-4.3344389
-1.490099501
-1.0
-1.199
-3.1691
-1.4940399
-2.189
-2.9701
-3.7582793
-1.47077487525
-1.22580671265
-3.43448645523
-3.81072631814
-5.97137464341
-5.62180705193
-7.0483943793
-4.1911641742
-10.1546734199
-7.03624021584
-10.0352770048
-8.96068293242
-1.0
-1.0
-1.398
-3.56412
-4.7284788
-6.861393014
-2.17039701198
-8.35115825116
-4.03966305572
-4.7284788
-5.881194012
-7.02238207188
-8.83150477209
-10.0431897244
-9.5131027768
-11.4741509989
-10.4661745741
-2.13615128284
-1.199
-3.5671
-4.09400176
-1.0
-1.697
-2.48601
-1.9125922
-1.404713189
-1.23251845079
-3.50093266282
-4.25077400086
-6.09696419444
-9.25307711948
-6.68573036303
-7.47174291749
-1.83970254883
-1.84110184111
-1.1
-2.189
-2.9701
-1.0
-1.597
-1.755806
-2.5770799
-2.0653927303
-2.0980636808
-3.17416608798
-1.41424244271
-1.4671333374
-4.04154102212
-4.51567345995
-4.37239768357
-1.0
-1.0
-2.393
-1.7705075
-3.216701775
-2.30285840044
-3.97765963287
-1.44127161168
-5.76658895565
-4.46927601202
-6.27126921424
-1.0
-1.0
-1.7108303
-2.1997811
-3.873743887
-1.39500049601
-1.0
-1.0
-1.199
-1.0
-1.199
-1.199
-3.86411
-3.8492894
-5.3430647105
-5.37649003495
-1.73227251346
-1.99
-1.59402
-1.0
-1.597
-3.3681
-3.26711
-2.5761596
-6.80341913675
-3.88401352063
-6.48141109266
-1.1
-2.189
-3.96113
-1.99
-1.29701
-1.21850399
-1.597
-1.398
-1.30989
-2.786
-3.56412
-4.7284788
-4.90099501
-3.92599252995
-6.7934652093
-1.77255305572
-1.27298083613
-1.796
-3.47836125
-3.86748250625
-5.37688110675
-5.97951960438
-1.0
-1.199
-1.208801
-1.597
-1.208801
-1.199
-1.40791
-2.388
-3.56412
-3.940399
-2.570298503
-6.0509850599
-2.45869304186
-9.66863666865
-8.64827525164
-1.95617924991
-1.597
-1.0
-1.398
-3.38988
-1.38541502
-5.412608698
-3.51576356542
-1.0
-1.398
-1.215335
-2.4223633
-3.21325140479
-3.80123880738
-5.391094511
-7.60758057787
-8.15215825116
-10.0431897244
-14.7020679278
-11.4741509989
-10.4661745741
-2.23615128284
-1.99
-2.18804
-4.58916458571
-5.37576994743
-5.70027188055
-1.66432691617
-7.57683647012
-4.40042724217
-9.70788314217
-2.42109714564
-3.21605398049
-1.0
-1.1
-2.587
-2.78206
-1.25472568571
-1.2098801
-1.1999801
-3.17880299
-2.58000198404
-6.10807433569
-2.17108447713
-5.55003665198
-7.49747214978
-3.11481043193
-5.60510683894
-2.09272225294
-5.14038509122
-3.95259354005
-2.6761596
-2.272171286
-1.29701
-1.199
-1.62967
-4.5080754
-4.451845079
-1.50066605711
-6.35459396539
-5.33621840772
-8.10305707154
-8.19046330682
-7.75713222812
-4.47182436234
-2.53455434312
-1.0
-1.896
-2.9701
-1.3940399
-4.90099501
-1.58519850599
-1.35237183566
-4.04732929033
-5.74654290613
-5.77388631774
-3.47431153343
-7.50599291792
-1.8064636423
-8.98399005878
-2.97883003164
-11.3888799601
-1.0
-1.0
-1.597
-2.9701
-1.5940399
-2.480099501
-1.62604094511
-4.25740635659
-1.0
-1.199
-3.5671
-1.37164838462
-4.67931900769
-1.0
-1.398
-3.5671
-3.6611499
-1.40204486675
-1.45780488362
-3.8631341739
-4.96049913286
-1.88188523279
-6.1613319023
-2.28807841481
-1.99
-2.78206
-4.78816458571
-3.24594214428
-1.84269654457
-5.8876484417
-4.31213442395
-1.86603077681
-5.28685234522
-1.0
-1.1
-2.189
-2.38804
-3.290266
-1.0
-1.199
-3.3681
-3.7581798
-2.224812856
-1.23369251258
-1.41123555875
-3.72263453158
-1.0
-1.597
-1.0
-1.199
-1.0
-1.199
-1.41978
-1.66227466
-3.7296238242
-3.69338135869
-1.21188
-2.5997413
-2.589901495
-3.9500049601
-1.9821009821
-1.82815554016
-1.0
-1.398
-1.0
-1.299
-2.48005
-1.6910499
-1.0
-1.199
-1.935204
-2.75150117
-1.35032793005
-1.299
-2.189
-1.29701
-1.7403422
-2.189
-3.26711
-4.3344389
-1.490099501
-1.23410895509
-1.597
-2.9701
-1.7880798
-5.13638244763
-3.91553413848
-2.33903834151
-5.50120881379
-1.0
-1.199
-3.1691
-2.1821197
-1.2863298503
-2.1794665518
-3.71009556588
-1.38780972959
-5.03831632297
-1.55088408438
-1.24363752435
-3.61101149109
-3.84567827524
-2.2821197
-4.90099501
-3.34079402396
-7.09920888062
-3.45047858065
-1.99
-1.0
-1.199
-3.1691
-1.0
-1.597
-1.877675
-3.551950425
-2.214139567
-1.0
-1.398
-3.1691
-1.86867382
-4.804935409
-1.57568860549
-1.60265149321
-4.25990612871
-4.45324364247
-1.5408711206
-1.0
-1.0
-1.398
-3.9651
-4.1158334875
-6.3757583645
-1.56142375474
-6.75709517195
-3.26711
-4.7284788
-4.90099501
-1.58519850599
-8.46781173023
-5.32779657479
-8.64827525164
-1.95617924991
-1.0
-1.299
-2.67905
-2.9701
-1.0
-1.398
-3.17999
-1.0
-1.398
-4.32336625
-3.4759938125
-5.6944114545
-6.33548046333
-7.3721256587
-1.2098801
-1.1999801
-1.209997811
-1.70589783289
-3.56412
-5.1225187
-7.351492515
-6.43718356589
-1.0
-2.592
-2.9701
-1.0
-1.199
-1.20989
-1.199
-3.3681
-3.6503688
-4.36733056
-2.59709717632
-6.89746275004
-1.1
-2.985
-3.56412
-3.4642394
-4.2462671557
-3.97317183968
-1.91517093114
-5.72909610915
-2.29495902961
-7.80804719658
-5.23130934492
-1.46992830368
-6.61551922704
-7.20354878756
-7.7700176471
-10.8385714301
-8.86739765396
-1.97787236774
-11.2779364406
-1.0
-1.597
-3.18135125
-1.0
-1.199
-1.408801
-3.1450433
-3.56412
-5.5165586
-6.371293513
-5.8519850599
-1.67934652093
-1.697
-2.6434
-1.7233932
-4.97879634
-2.73225209415
-4.02321595535
-1.1
-2.587
-3.56412
-5.1225187
-4.90099501
-1.68519850599
-4.59073260465
-2.9701
-1.0
-1.0
-1.199
-1.0
-1.199
-1.0
-1.199
-3.1691
-1.1
-1.99
-1.29701
-1.597
-3.178901
-3.0671299
-1.8072917202
-1.7773656409
-1.0
-1.299
-2.67905
-2.03657485
-4.94023185525
-2.9701
-1.3940399
-6.09499501
-3.45923567066
-1.92612068279
-5.55617065492
-7.53790579598
-1.57779724165
-7.59121196156
-2.9701
-1.0
-1.0
-1.1
-2.189
-1.35970686584
-2.73154398588
-2.48169141841
-4.66718626056
-3.24820575918
-6.56430925397
-2.49973323229
-1.0
-1.597
-1.0
-1.0
-1.597
-1.31125125
-2.5406936875
-1.0
-1.0
-1.0
-1.597
-1.20989
-3.276911
-1.909426378
-6.37036352979
-5.22492271064
-8.14502789641
-7.17759935982
-1.0
-1.0
-1.199
-1.199
-4.16112
-3.293533
-1.426059767
-1.72079916933
-3.2212976472
-1.8798335765
-2.12521830659
-1.5813912247
-4.27588656228
-1.54992881154
-1.99
-1.89103
-1.446759975
-1.22120839775
-4.18496313773
-3.68291635063
-4.34913994839
-1.98310980958
-6.65203291317
-5.56968777311
-8.90765745821
-1.1
-2.587
-3.26711
-1.3940399
-5.89599501
-3.51927494274
-7.22491173314
-2.3646496737
-8.15301588483
-1.79640450102
-9.08340456014
-5.90876815436
-11.6358448407
-9.68590508413
-13.8763897825
-11.7142878004
-13.4952594775
-5.40809206482
-9.39935190694
-7.26110073766
-10.2842612606
-2.0401219646
-11.4962074495
-6.68260055972
-1.398
-1.1
-2.189
-3.56412
-4.3344389
-4.90099501
-2.75559551797
-6.7934652093
-1.1
-2.587
-4.75216
-2.5761596
-5.3572149102
-2.76913896617
-2.95029667594
-1.30717585682
-1.22178934425
-1.62988312295
-1.0
-1.199
-2.29201
-1.0
-1.0
-1.398
-3.26711
-6.3046384
-1.8118203
-3.77972339
-5.23338172965
-5.93222140696
-2.61816295316
-1.65321373874
-2.29926755631
-3.79415761522
-4.10128260475
-1.0
-1.0
-2.095
-3.224065
-4.01450575
-3.2241096005
-3.32907121493
-1.0
-1.995
-3.87811142857
-3.24732828572
-1.52148550029
-2.189
-3.56412
-1.9880798
-4.6781467565
-5.14915678295
-1.52084284264
-7.16997855631
-5.6925542102
-6.37615584684
-1.0
-1.0
-1.498
-2.69305142857
-3.79976404285
-5.27052940564
-1.0
-1.0
-1.0
-1.0
-1.0
-1.199
-4.06311
-3.67371148571
-1.0
-1.1
-2.587
-3.56412
-4.3344389
-2.470298503
-7.13663393939
-5.20956543256
-7.8512123347
-5.67214052912
-1.0
-1.796
-3.952319
-5.44447924571
-1.0
-1.398
-1.63375375
-1.319025225
-3.17617486375
-3.66911096072
-4.85414415556
-5.9840956526
-1.0
-1.0
-1.199
-2.9701
-1.3940399
-1.0
-1.0
-1.398
-3.1691
-3.26711
-5.9105985
-1.980199002
-6.29289600501
-4.65802726822
-10.3050675337
-1.53173594813
-2.16596743546
-5.07548698801
-2.9701
-2.2821197
-3.7900472555
-4.41104252995
-1.0
-1.797
-2.9701
-2.1821197
-5.09999501
-5.31971551797
-4.3344389
-6.371293513
-6.43718356589
-1.0
-1.199
-3.3681
-1.87188942103
-1.0
-1.199
-1.0
-1.199
-1.0
-1.299
-2.587
-1.0
-1.299
-2.189
-3.26711
-1.3940399
-1.231344389
-3.8873094511
-4.0864086124
-5.44956803139
-2.17891501321
-7.23362931541
-2.9701
-2.6761596
-4.52766334
-5.52066268264
-5.17006980349
-5.62647247327
-7.67748783266
-1.68467022726
-1.0
-1.398
-1.398
-1.5225025
-2.92325825
-1.72486482015
-5.44488894572
-4.07854001023
-8.31757555569
-9.56445284249
-10.4360474997
-1.0
-1.597
-2.9701
-1.0
-1.398
-3.4681
-2.753822325
-1.0
-1.199
-1.199
-3.1691
-2.9701
-1.3940399
-1.562688778
-2.8568729674
-1.0
-1.896
-3.322075
-3.4552495
-1.884139401
-5.61311770201
-2.26454502692
-7.25949788325
-4.27476116177
-1.1
-2.189
-2.28804
-1.99
-1.59402
-2.58655985
-4.00917422156
-1.98664595621
-4.45493165551
-4.53411170169
-1.0
-1.398
-1.41978
-3.185722
-1.830772956
-5.57971115736
-2.61228733654
-6.85956952638
-2.43472251475
-1.52023752896
-3.77417576835
-2.9701
-2.1821197
-4.90099501
-2.17039701198
-1.92638117302
-1.199
-1.0
-1.199
-2.9701
-2.5761596
-2.128685144
-1.23506991463
-3.52619215482
-1.82936581925
-1.0
-1.398
-1.69501
-1.338217165
-1.69745049801
-1.47450922087
-3.84085100857
-6.39265577595
-7.30681393698
-6.16696128401
-4.55264583558
-8.03423875446
-1.99538963669
-6.91789657179
-6.86790691461
-1.0
-1.597
-3.6896125
-4.9766857125
-7.01087200325
-5.87847691157
-2.35669935901
-6.47210788473
-1.0
-1.598
-2.3167
-1.0
-1.1
-1.99
-1.29701
-1.0
-1.796
-2.9701
-1.0
-1.0
-1.0
-1.398
-1.29701
-1.0
-1.995
-3.99776
-3.5405579
-1.411505282
-5.4719022918
-2.50164265378
-7.18631162369
-1.0
-1.398
-3.1691
-1.7880798
-1.590099501
-2.23191094511
-1.0
-1.199
-3.3681
-2.1821197
-1.490099501
-1.6742397012
-3.77221652093
-3.49601331384
-5.94863928504
-7.3336728616
-10.7951776192
-9.1860127956
-8.09687646654
-1.90159077019
-9.92574862485
-2.08264911386
-1.199
-2.9701
-2.1821197
-5.331339399
-2.09834988548
-1.4968184874
-4.0041766639
-2.72137829909
-5.50217120938
-1.61682068086
-7.10652474054
-1.0
-1.199
-3.3681
-1.37786825
-5.138895675
-3.53944867183
-2.26300428553
-2.23258282845
-1.96168685009
-2.93181358254
-1.0
-1.199
-1.20989
-3.475911
-3.779526378
-5.0066605711
-1.59565939654
-7.29502802574
-4.5357115491
-2.0018299408
-6.70489788973
-4.04861086741
-3.25369626961
-4.38732193528
-1.6098403
-2.97980299
-1.39500049601
-5.40155540155
-7.03367983367
-1.88027858628
-2.77849193347
-4.62645942745
-3.17178305837
-3.03422768064
-3.50988540383
-1.0
-1.0
-1.0
-2.095
-4.200324
-1.47879234429
-2.64833431574
-4.99504389034
-1.92565090179
-3.73748598192
-1.96996020198
-3.8471514999
-3.26711
-5.1225187
-1.980199002
-1.0
-1.398
-2.05625625
-1.60446744625
-3.31631420007
-3.55529032775
-4.19976129498
-1.5157763682
-6.90218604521
-4.27724923233
-4.12919641001
-2.54327799705
-3.26711
-2.1821197
-1.47077487525
-3.52933563249
-3.82950645523
-6.59382120782
-6.79566294079
-6.88200190841
-4.12527275573
-10.2055550775
-9.64769956974
-3.11024451481
-12.0427103483
-9.55869896016
-13.4167991553
-10.2392555022
-15.4242658818
-1.0
-2.194
-3.66511
-4.3236578
-1.980199002
-2.45146567066
-3.39491835659
-3.61658150381
-2.35351192868
-2.32035714716
-1.62291857238
-1.40834469333
-1.0
-1.0
-1.398
-1.21125125
-3.091387375
-1.81209470025
-5.21886876624
-4.16403401572
-9.04514923212
-5.22764819155
-2.85261151289
-7.31261799253
-4.07135818126
-8.96205699447
-1.0
-1.199
-2.9701
-2.1821197
-5.4445447605
-1.56358436804
-6.97748524361
-3.67098470144
-10.3029979442
-5.68797270716
-8.79107920188
-2.94063368197
-1.67032273452
-3.82309753585
-1.47848665605
-1.23647017895
-3.7390547716
-1.29701
-1.0
-1.4098602
-1.4598492105
-3.2866032089
-2.57439632953
-1.0
-1.199
-3.66511
-4.310181425
-1.95618410175
-1.1
-2.189
-3.56412
-3.940399
-1.980199002
-7.23318356589
-4.24455506977
-1.52021095191
-1.48120176848
-4.31714362936
-1.83517512163
-5.36805148374
-5.14078555878
-7.94698545677
-1.0
-1.597
-2.43358
-3.077911
-1.0
-1.697
-2.67905
-3.6611499
-1.3940399
-5.391094511
-5.8519850599
-3.81738608372
-6.71658200119
-4.74974464904
-1.62957794326
-5.11141081912
-2.82559871817
-1.30395752115
-2.39883589187
-3.22565982378
-4.71216195545
-5.35785561469
-5.52291998644
-2.29353815732
-1.398
-4.45732851515
-2.50193534228
-8.75404587742
-3.940399
-1.490099501
-1.0
-1.199
-1.0
-1.0
-1.199
-1.39701
-2.2133799875
-2.2968167955
-3.30474771257
-2.28151007064
-1.0
-1.0
-1.896
-3.449488
-4.09400176
-6.0542968297
-5.66178704992
-1.1
-2.587
-4.45515
-3.940399
-2.570298503
-3.92099252995
-1.0
-1.0
-1.0
-1.299
-2.87805
-1.33474385
-4.512964115
-4.55134734216
-6.21811622911
-4.57796753341
-8.28337571615
-1.9003531959
-1.0
-1.0
-1.199
-3.5671
-4.51715063
-1.8179650092
-2.04071414364
-3.77476750552
-1.97660376948
-5.73718865895
-5.3738954832
-7.83907604345
-1.6098403
-1.221757922
-1.31954034278
-1.66944831312
-3.60717943329
-2.9701
-1.3940399
-1.861688778
-3.0681242174
-1.0
-1.597
-3.477
-4.2972348
-1.9118899524
-1.23815394738
-1.0
-1.597
-1.1
-2.189
-1.29701
-1.43700798
-3.163189501
-3.89209032419
-5.67425655173
-1.0
-1.398
-4.45813
-5.8753546
-1.461313964
-1.398
-2.31081
-2.15633322857
-2.480507184
-3.4280105608
-1.43937304552
-1.597
-3.3926025
-1.7710995675
-1.78180828577
-3.35199564574
-3.41610113832
-4.04330683274
-2.00057475288
-5.95284502677
-1.0
-1.796
-3.60385375
-3.485427275
-5.30704236013
-1.58519850599
-1.25237183566
-3.69748117302
-2.28926902968
-5.97904657773
-1.458607096
-1.23844678056
-3.36062312754
-1.0
-1.398
-2.9701
-1.3940399
-1.231344389
-3.2903094511
-2.27722190698
-5.73631552233
-7.39522076411
-3.13031713912
-8.28944702468
-2.77035629683
-9.81182894269
-1.0
-1.398
-1.447005
-1.2112267475
-3.29014480025
-1.39391074242
-1.67635590045
-3.87037362055
-1.0
-1.498
-2.9025525
-2.7074101875
-1.22888340214
-3.4649456812
-1.40929321995
-6.55220316521
-7.01523278159
-8.06972237882
-9.18236993423
-8.85813901895
-1.0
-1.398
-3.1691
-2.9701
-1.0
-1.398
-1.31125125
-2.189
-2.09103
-3.290266
-1.0099
-2.5998408
-3.277783289
-3.9500049601
-1.49105049105
-1.34201555402
-2.69297699237
-1.0
-1.597
-3.17999
-1.0
-1.199
-1.199
-1.41978
-3.276911
-3.779526378
-1.0
-1.398
-1.0
-1.398
-1.5225025
-2.6530832425
-4.10101217027
-4.98515272219
-6.6372748634
-10.9082773037
-7.69204013456
-8.71511973321
-1.88436077599
-1.796
-1.26434
-1.4341548
-3.34806626
-3.38185755974
-7.44063924143
-6.56873045924
-9.20101959066
-8.39923541974
-11.8229726605
-10.4229007041
-2.03936431317
-12.0857067004
-5.40546192668
-14.7545855908
-18.0015773903
-4.0570492421
-5.03210906226
-6.05665446927
-6.73485039192
-7.867501888
-8.98882686912
-2.6831564334
-9.33162434535
-1.0
-1.597
-1.228403
-2.12211897
-3.74325713005
-4.10674449375
-1.9397690102
-1.56518566005
-1.69934084521
-3.96302297155
-1.87918518544
-7.28663803289
-4.78020562404
-5.30218506164
-4.12458160551
-1.42996318128
-2.52066354947
-4.04808971326
-2.00152176323
-6.75353272797
-4.26240576012
-7.82551855773
-1.83229443775
-1.199
-1.408801
-1.99
-2.48505
-1.247759975
-1.34528237525
-1.22598106128
-1.199
-3.46611
-4.3223101625
-1.97753067975
-5.83877686476
-4.39019454806
-7.91158520515
-3.40179249416
-9.19427438303
-5.30033799215
-4.12315903562
-1.4215421566
-1.99
-1.39701
-2.9651995
-1.3935547505
-5.09519202995
-1.836410555
-2.2396215809
-3.67220404991
-1.43404815134
-1.2
-1.99
-1.59402
-4.1610701
-1.0
-1.597
-3.5916025
-1.0
-1.796
-1.199
-1.69501
-3.1907711
-5.54888329
-3.21772493112
-2.9506888129
-4.07670262202
-4.26156503172
-1.0
-1.1
-2.587
-4.0701
-3.940399
-1.590099501
-4.11999252995
-1.93812286884
-1.61979027336
-2.98048092656
-1.47536661173
-1.99
-1.0
-1.398
-1.417602
-3.3740498
-2.5475465606
-4.81246521242
-5.40660827752
-4.86441200302
-6.38212302918
-1.1
-1.0
-1.398
-1.218602
-2.21241598
-3.322075
-1.8031786375
-5.15894185938
-4.36551374675
-7.27814382811
-6.90160250516
-9.70739905166
-1.90086042176
-1.0
-1.796
-3.18692
-4.3286377
-1.0
-1.398
-4.06311
-3.3520111625
-1.0
-1.398
-3.3681
-1.3724777
-5.28452923
-7.10874559888
-1.49391861727
-1.199
-3.66511
-4.9402995
-5.731767966
-7.37915426339
-7.71280084811
-8.47723042497
-2.69508811572
-5.84084308642
-4.88662439667
-8.8450633599
-9.87665418852
-1.0
-1.199
-3.3681
-4.0430610625
-4.35445131687
-5.09911793706
-1.60481267577
-1.0
-1.597
-3.19088
-3.5797619
-1.1
-2.786
-3.26711
-5.5165586
-1.980199002
-6.1509850599
-2.66934652093
-1.5108502
-2.221558922
-3.10023545552
-4.64944194941
-5.80294752992
-4.71809698408
-1.0
-1.299
-2.48005
-2.72762475
-4.420697005
-1.53764900349
-6.95499764806
-8.7113974599
-1.81869029044
-9.70203387538
-6.0365089431
-10.9270963122
-6.00475764471
-2.29190231245
-7.65397107383
-6.06093099379
-2.80400762225
-4.45734528079
-1.86788119853
-6.1093796924
-1.0
-1.398
-2.9701
-1.0
-1.398
-2.9701
-1.8880798
-2.65977487525
-4.15205488522
-3.67894051295
-5.72694187478
-5.40503572801
-1.0
-1.797
-2.5157
-3.2994533
-5.04867747
-6.52835291599
-7.68568510132
-10.5710936953
-7.86394226138
-1.87853028388
-1.28463833123
-4.21591947914
-4.7010320853
-6.91406258151
-4.90099501
-1.58519850599
-7.7884652093
-2.40244319473
-2.09380625426
-2.30347803195
-1.71920516703
-4.60079404183
-3.15685590191
-1.0
-1.199
-1.41978
-1.2110879
-1.0
-1.199
-2.044005
-1.53648813
-3.274773886
-1.0
-1.199
-1.20791
-1.0
-1.398
-1.20989
-1.3077911
-1.443714042
-1.31910640846
-1.697
-3.27307
-3.077911
-1.809426378
-5.0066605711
-2.29131879308
-4.71261441324
-4.20400185092
-1.9636602728
-1.299
-2.48005
-1.0
-1.2
-1.99
-2.48505
-4.56130174286
-4.56356807814
-1.0
-1.199
-2.9701
-1.0
-1.0099
-1.0
-2.194
-1.0
-1.398
-1.417602
-2.05370799
-3.47836125
-4.3250054375
-5.29770323225
-1.0
-1.796
-3.477
-3.9031949
-2.342219035
-1.0
-1.0
-2.095
-3.19710285714
-2.1821197
-4.90099501
-1.0
-1.398
-1.0
-2.095
-3.112185
-2.07902543125
-6.26894070775
-2.50004521678
-7.04146498942
-5.74502924436
-1.0
-1.995
-1.525413
-1.446759975
-1.0
-1.597
-4.00086375
-3.30754819687
-1.46575804252
-3.30550231045
-1.42724472873
-5.62772281448
-3.58784255863
-8.61529626352
-5.391094511
-5.8519850599
-4.39673260465
-1.8896169049
-5.9439640472
-9.52435146372
-8.74328635927
-9.03453237104
-9.13107913394
-1.0
-1.597
-2.9701
-1.7880798
-1.694033167
-3.2903094511
-1.42574063566
-1.46966293984
-1.62666292338
-1.0
-2.194
-3.482445
-5.465878125
-5.391094511
-6.43718356589
-1.0
-1.398
-1.44156
-2.2205716
-3.32863227714
-1.50706131258
-1.99
-1.29701
-1.0
-1.199
-3.1691
-1.0
-1.0
-1.0
-1.199
-1.398
-3.37899
-1.3736756
-1.3260938844
-1.697
-3.3681
-3.7581798
-7.361294011
-4.22589402097
-7.40810146603
-4.81500252653
-10.6490852421
-9.5360692078
-1.0
-1.1
-2.189
