-1.0099
-1.0099
-1.0099
-1.0099
-1.0099
-1.0099
-1.999801
-1.0099
-1.0099
-1.0099
-1.0099
-1.999801
-1.0099
-1.0099
-1.0099
-1.999801
-1.0099
-1.0099
-1.999801
-1.0099
-1.999801
-1.0099
-1.0099
-1.0
-1.999801
-1.0099
-1.999801
-1.0099
-1.0099
-1.999801
-1.0099
-1.0099
-1.0099
-1.0099
-1.0099
-1.0099
-1.0099
-1.0099
-1.999801
-1.0099
-1.0099
-1.0099
-1.0099
-1.999801
-1.0099
-1.0099
-1.999801
-1.0099
-1.0099
-1.0099
-1.0099
-1.0099
-1.0099
-1.0099
-1.999801
-1.0099
-1.0099
-1.999801
-1.0099
-1.43272914143
-2.41840185002
-1.0099
-1.0099
-1.0099
-1.0099
-2.41840185002
-1.0099
-1.0099
-1.0099
-1.0099
-1.0099
-1.0099
-2.41840185002
-1.0099
-2.41840185002
-1.0099
-1.0099
-1.0099
-2.41840185002
-1.0099
-1.0099
-1.0099
-1.0099
-1.0099
-2.41840185002
-1.0099
-1.0099
-1.0099
-1.0099
-1.0099
-1.0099
-1.999801
-1.999801
-1.0099
-1.999801
-1.0099
-1.999801
-1.0099
-1.0099
-1.0099
-1.0099
-1.0099
-1.999801
-1.0099
-1.999801
-1.0099
-1.0099
-1.0099
-1.0099
-1.0
-1.999801
-1.999801
-1.0099
-1.0099
-1.0099
-1.0099
