-1.0099
-1.999801
-1.0099
-1.0099
-1.999801
-1.999801
-1.999801
-1.0099
-1.0099
-1.0099
-1.0099
-1.0099
-1.0099
-1.0099
-1.0099
-1.999801
-1.0099
-1.0099
-1.999801
-1.0099
-1.0099
-1.668184165
-1.668184165
-1.668184165
-1.668184165
-1.668184165
-1.668184165
-1.86498873382
-2.489801995
-1.668184165
-1.668184165
-2.489801995
-2.489801995
-1.668184165
-2.489801995
-2.489801995
-2.489801995
-2.489801995
-1.668184165
-1.668184165
-1.55710077445
-1.55710077445
-2.8958903196
-4.4302549353
-1.55710077445
-1.33678591251
-2.8958903196
-1.55710077445
-2.8958903196
-2.8958903196
-2.8958903196
-4.4302549353
-1.55710077445
-1.55710077445
-1.55710077445
-1.55710077445
-1.55710077445
-2.8958903196
-1.55710077445
-1.55710077445
-2.8958903196
-4.4302549353
-1.55710077445
-1.55710077445
-1.88763223662
-3.00321687088
-1.88763223662
-2.62375285482
-3.00321687088
-1.88763223662
-1.88763223662
-1.88763223662
-1.88763223662
-1.88763223662
-1.88763223662
-1.88763223662
-1.88763223662
-1.42421984693
-1.42421984693
-2.86875591425
-1.42421984693
-2.86875591425
-1.42421984693
-1.42421984693
-1.42421984693
-1.42421984693
-1.42421984693
-1.42421984693
-1.42421984693
-2.86875591425
-1.42421984693
-1.55300879682
-2.40997764846
-2.40997764846
-1.55300879682
-1.55300879682
-1.55300879682
-2.40997764846
-1.55300879682
-1.55300879682
-1.55300879682
-2.40997764846
-1.55300879682
-1.55300879682
-1.0
-2.40997764846
-1.55300879682
-3.84006835511
-2.40997764846
-1.55300879682
-3.24846119025
-3.24846119025
-2.7525992829
-1.36476878008
-1.36476878008
-3.24846119025
-1.36476878008
-1.36476878008
-3.24846119025
-1.36476878008
-1.36476878008
-3.24846119025
-3.24846119025
-1.36476878008
-1.36476878008
-1.36476878008
-3.24846119025
-1.36476878008
-1.36613073093
-1.36613073093
-1.36613073093
-1.36613073093
-3.21775144043
-1.36613073093
-3.21775144043
-1.36613073093
-3.21775144043
-1.36613073093
-1.36613073093
-1.36613073093
-1.36613073093
-3.21775144043
-1.36613073093
-1.75327078967
-1.75327078967
-2.35246942362
-1.75327078967
-1.75327078967
-2.35246942362
-4.18557392603
-1.75327078967
-2.35246942362
-1.75327078967
-1.75327078967
-1.75327078967
-2.35246942362
-1.75327078967
-1.75327078967
-1.75327078967
-2.35246942362
-1.75327078967
-1.75327078967
-2.93347363098
-2.07723679616
-2.07723679616
-2.07723679616
-2.07723679616
-2.07723679616
-2.93347363098
-2.07723679616
-3.77762534165
-2.07723679616
-2.07723679616
-2.07723679616
-2.07723679616
-1.0099
-1.0099
-1.0099
-1.0099
-1.0099
-3.68922920983
-3.68922920983
-3.68922920983
-1.0099
-3.15065048003
-3.68922920983
-1.0099
-1.0099
-3.68922920983
-1.0099
-1.0099
-3.68922920983
-1.0099
-1.0099
-1.0099
-3.68922920983
-1.0099
-1.0099
-1.0099
-3.68922920983
-1.0099
-1.0099
-1.0099
-1.0099
-1.0099
-1.0099
-3.68922920983
-1.0099
