-1.5048505
-1.5048505
-1.5048505
-1.5048505
-1.5048505
-1.5048505
-2.97980299
-2.97980299
-2.97980299
-1.5048505
-1.5048505
-1.5048505
-1.5048505
-3.37998680262
-2.489801995
-1.0099
-3.37998680262
-3.37998680262
-1.0099
-1.0099
-2.489801995
-3.37998680262
-1.0099
-1.0099
-1.0099
-3.37998680262
-3.37998680262
-3.37998680262
-1.0099
-3.37998680262
-1.0099
-2.489801995
-1.0099
-3.37998680262
-3.37998680262
-3.37998680262
-1.0099
-1.0099
-1.999801
-3.15614599498
-1.0099
-1.0099
-1.0099
-1.0099
-1.0099
-3.15614599498
-1.999801
-1.0099
-1.0099
-3.15614599498
-1.0099
-1.0099
-1.0099
-1.0099
-1.0099
-2.97980299
-2.489801995
-1.5193486535
-1.5193486535
-2.489801995
-2.26539894188
-2.26539894188
-1.5193486535
-1.5193486535
-2.489801995
-1.5193486535
-1.5193486535
-2.97980299
-2.97980299
-2.489801995
-1.5193486535
-1.5193486535
-2.26539894188
-1.5193486535
-1.0
-2.489801995
-1.5193486535
-1.35341039751
-3.14542139772
-1.35341039751
-1.35341039751
-1.35341039751
-1.35341039751
-3.14542139772
-1.35341039751
-1.35341039751
-1.35341039751
-3.14542139772
-3.14542139772
-1.35341039751
-3.14542139772
-1.35341039751
-1.0099
-1.0099
-1.0099
-2.49985796765
-1.0099
-2.49985796765
-2.33987629353
-1.0099
-1.0099
-1.0099
-2.49985796765
-1.0099
-3.22692173864
-1.0099
-1.0099
-1.62613984699
-1.62613984699
-2.29481267759
-1.62613984699
-1.62613984699
-1.999801
-1.62613984699
-1.62613984699
-2.2448014975
-1.62613984699
-1.62613984699
-1.0
-2.2448014975
-1.999801
-1.62613984699
-1.62613984699
-1.0099
-2.2448014975
-1.62613984699
-3.9500049601
-2.60987844852
-1.60623353239
-2.81626057727
-2.97980299
-2.60987844852
-1.60623353239
-1.60623353239
-2.60987844852
-1.60623353239
-1.60623353239
-1.60623353239
-2.60987844852
-1.60623353239
-2.60987844852
-1.60623353239
-2.60987844852
-2.97980299
-2.97980299
-2.60987844852
-1.60623353239
-2.60987844852
-1.60623353239
-1.0099
-1.0099
-3.76689231207
-2.59017119707
-1.0099
-1.0099
-1.0099
-1.0099
-1.0099
-1.0099
-1.0099
-1.0099
-1.0099
-1.0099
-1.0099
-1.0099
-2.45470473149
-1.0099
-1.08999353702
-1.0099
-2.45470473149
-1.0099
-1.0099
-1.0099
-1.0099
-2.45470473149
-1.0099
-1.31991442583
-1.31991442583
-1.31991442583
-1.31991442583
-1.31991442583
-0.999999999998
-2.37721332146
-1.31991442583
-1.31991442583
-1.31991442583
-2.37721332146
-1.31991442583
-2.37721332146
-1.31991442583
-2.37721332146
-1.31991442583
-2.37721332146
-1.31991442583
-2.37721332146
-2.37721332146
-1.31991442583
-1.31991442583
-1.31991442583
-1.31991442583
-2.37721332146
-1.31991442583
-1.31991442583
-1.31991442583
-2.37721332146
-1.31991442583
