-1.0099
-1.0099
-1.0099
-1.0099
-1.0099
-1.0099
-1.0099
-1.0099
-1.0099
-1.0099
-1.0099
-1.999801
-1.0099
-1.0099
-1.0099
-1.0099
-1.0099
-1.0099
-1.0099
-1.0099
-1.0099
-1.18898209
-1.999801
-1.18898209
-1.18898209
-1.18898209
-1.18898209
-1.18898209
-1.18898209
-1.18898209
-1.18898209
-1.18898209
-1.206890299
-1.206890299
-1.206890299
-1.206890299
-1.206890299
-1.206890299
-1.206890299
-1.206890299
-1.206890299
-1.206890299
-1.0099
-1.0099
-2.19482139601
-1.0099
-2.19482139601
-1.0099
-1.0099
-1.0099
-1.0099
-1.0099
-1.0099
-2.19482139601
-1.0099
-1.5090476574
-1.5090476574
-1.5090476574
-1.5090476574
-1.5090476574
-1.999801
-1.5090476574
-1.5090476574
-1.5090476574
-1.999801
-1.5090476574
-1.5090476574
-1.22877811
-1.22877811
-2.49395718083
-1.22877811
-1.22877811
-1.22877811
-2.49395718083
-1.22877811
-1.22877811
-1.22877811
-1.22877811
-1.22877811
-1.28313528989
-1.28313528989
-1.28313528989
-1.28313528989
-1.28313528989
-1.28313528989
-1.28313528989
-1.28313528989
-1.28313528989
-1.28313528989
-1.28313528989
-2.27030393699
-1.1359403937
-2.27030393699
-2.27030393699
-1.1359403937
-1.1359403937
-2.27030393699
-1.1359403937
-1.1359403937
-1.1359403937
-2.27030393699
-1.1359403937
-1.1359403937
-1.1359403937
-1.1359403937
-1.0099
-1.0099
-1.0099
-1.0099
-1.0099
-1.0099
-1.0099
-1.0099
-1.0099
-1.0099
-1.0099
-1.999801
-1.999801
-1.999801
-1.1088901
-1.999801
-1.999801
-1.1088901
-1.1088901
-1.1088901
-1.999801
-1.1088901
-1.1088901
-1.1088901
-1.1088901
-1.999801
-1.1088901
-1.1088901
-1.1088901
-1.1088901
-1.1088901
-1.1088901
-1.1088901
-1.1088901
-1.1088901
-1.1088901
-1.1088901
-1.1088901
-1.1088901
