-0.01
-0.01
-0.01
-0.01
-0.01
-0.01
-0.01
-0.01
-0.01
-0.01
-0.01
-0.01
-1.0099
-0.01
-0.01
-0.01
-0.01
-0.01
-0.01
-0.01
-0.01
-0.01
-0.01
-1.0099
-0.01
-0.01
-0.01
-0.01
-0.01
-0.01
-0.01
-0.01
-0.01
-0.01
-0.01
-0.01
-0.01
-0.01
-0.01
-0.01
-0.01
-0.01
-0.01
-0.01
-0.01
-1.0099
-0.01
-1.0099
-0.01
-0.01
-0.01
-0.01
-0.01
-0.01
-1.0099
-0.01
-0.01
-0.01
-0.01
-0.01
-0.01
-1.0099
-0.01
-0.01
-0.01
-1.0099
-0.01
-0.01
-0.01
-0.01
-1.0099
-0.01
-0.01
-0.01
-1.0099
-0.01
-0.01
-0.01
-0.01
-0.01
-0.01
-0.01
-0.01
-0.01
-0.01
-0.01
-1.0099
-0.01
-0.01
-0.01
-0.01
-1.0099
-0.01
-1.0099
-1.999801
-0.01
-0.01
-1.0099
-0.01
-0.01
-0.01
-1.0099
-0.01
-0.01
-0.01
-0.01
-0.01
-0.01
-0.01
-0.01
-0.01
-0.01
-0.01
-1.0099
-0.01
-0.01
-0.01
-1.0099
-1.999801
-2.97980299
-0.01
-1.0099
-1.999801
-0.01
-0.01
-0.01
-1.0099
-0.01
-0.01
-0.01
-0.01
-1.0099
-0.01
-0.01
-1.0099
-0.01
-0.01
-0.01
-0.01
-0.01
-0.01
-0.01
-0.01
-0.01
