-0.01
-0.01
-1.0099
-1.999801
-2.97980299
-3.9500049601
-2.97980299
-3.9500049601
-4.9105049105
-0.01
-0.01
-0.01
-0.01
-1.0099
-0.01
-0.01
-1.0099
-0.01
-1.0099
-1.999801
-0.01
-0.01
-0.01
-0.01
-0.01
-0.01
-0.01
-0.01
-1.0099
-1.999801
-2.65150232335
-0.01
-1.0099
-1.999801
-0.01
-1.0099
-1.999801
-2.97980299
-3.9500049601
-0.01
-0.01
-1.0099
-1.999801
-2.97980299
-3.9500049601
-0.01
-1.0099
-1.999801
-0.01
-1.0099
-1.999801
-2.97980299
-3.9500049601
-0.01
-0.01
-1.0099
-0.01
-0.01
-1.0099
-0.01
-0.01
-1.0099
-1.999801
-0.01
-0.01
-0.01
-1.0099
-0.01
-1.0099
-1.999801
-0.01
-0.01
-0.01
-0.01
-0.01
-0.01
-0.01
-0.01
-0.01
-0.01
-1.0099
-0.01
-1.0099
-0.01
-1.0099
-0.01
-0.01
-0.01
-0.01
-0.01
-1.0099
-0.01
-0.01
-1.0099
-1.999801
-0.01
-0.01
-0.01
-1.0099
-1.999801
-0.01
-0.01
-1.0099
-0.01
-0.01
-1.0099
-1.999801
-0.01
-1.0099
-1.999801
-0.01
-1.0099
-1.999801
-3.72507329007
-0.01
-0.01
-1.0099
-0.01
-0.01
-1.0099
-0.01
-0.01
-1.0099
-1.999801
-0.01
-0.01
-0.01
-1.0099
-0.01
-0.01
-0.01
-0.01
-1.0099
-1.999801
-0.01
-1.0099
-0.01
-1.0099
-0.01
-0.01
-0.01
-0.01
-1.0099
-0.01
-0.01
-1.0099
-1.999801
-2.97980299
-3.9500049601
-4.9105049105
-5.86139986139
-0.01
-1.0099
-0.01
-0.01
-0.01
-1.0099
-0.01
-0.01
-0.01
-1.0099
-0.01
-0.01
-1.0099
-0.01
-0.01
-0.01
-0.01
-0.01
-1.0099
-0.01
-1.0099
-0.01
-0.01
-0.01
-0.01
-0.01
-0.01
-0.01
-0.01
-0.01
-1.0099
-1.999801
-4.65233691773
-0.01
-1.0099
-1.999801
-0.01
-0.01
-1.0099
-0.01
-1.0099
-1.999801
-0.01
-0.01
-0.01
-1.0099
-1.999801
-0.01
-0.01
-1.0099
-0.01
-0.01
-1.0099
-0.01
-0.01
-0.01
-1.0099
