-0.01
-0.01
-0.01
-0.01
-0.01
-0.01
-0.01
-1.0099
-1.999801
-3.9500049601
-0.01
-0.01
-0.01
-0.01
-1.0099
-1.999801
-0.01
-1.0099
-1.999801
-0.01
-0.01
-1.0099
-1.999801
-0.01
-0.01
-1.0099
-1.999801
-2.97980299
-3.9500049601
-0.01
-1.0099
-0.01
-1.0099
-0.01
-1.0099
-1.999801
-4.34618693459
-0.01
-0.01
-1.0099
-1.999801
-0.01
-0.01
-0.01
-0.01
-0.01
-1.0099
-1.999801
-1.999801
-0.01
-1.0099
-0.01
-0.01
-0.01
-1.0099
-0.01
-1.0099
-1.999801
-0.01
-0.01
-1.0099
-1.999801
-3.24274495246
-0.01
-0.01
-1.0099
-0.01
-0.01
-1.0099
-1.999801
-3.46490397505
-0.01
-0.01
-1.0099
-0.01
-1.0099
-1.999801
-0.01
-0.01
-1.0099
-0.01
-0.01
-0.01
-0.01
-1.0099
-0.01
-0.01
-0.01
-1.0099
-1.999801
-0.01
-1.0099
-0.01
-0.01
-0.01
-0.01
-1.0099
-0.01
-1.0099
-1.999801
-0.01
-0.01
-0.01
-1.0099
-0.01
-1.0099
-0.01
-0.01
-1.0099
-0.01
-1.0099
-0.01
-0.01
-1.0099
-0.01
-0.01
-1.0099
-0.01
-0.01
-1.0099
-1.999801
-2.97980299
-0.01
-0.01
-1.0099
-1.999801
-0.01
-1.0099
-1.999801
-0.01
-1.0099
-1.999801
-3.58377966404
-0.01
-0.01
-1.0099
-0.01
-0.01
-0.01
-1.0099
-0.01
-1.0099
-0.01
-1.0099
-1.999801
-2.97980299
-3.9500049601
-0.01
-1.0099
-0.01
-0.01
-0.01
-1.0099
-1.999801
-0.01
-0.01
-0.01
-0.01
-0.01
-0.01
-0.01
-0.01
-0.01
-0.01
-0.01
-0.01
-1.0099
-0.01
-1.0099
-0.01
-1.0099
-1.999801
-0.01
-0.01
-0.01
-1.0099
-0.01
-0.01
-0.01
-0.01
-0.01
-0.01
-1.0099
-1.999801
-0.01
-0.01
-0.01
-1.0099
-0.01
-1.0099
-0.01
-1.0099
-0.01
-1.0099
-0.01
-1.0099
-1.999801
-0.01
-0.01
-0.01
-0.01
-1.0099
-0.01
-0.01
-0.01
-1.0099
