********************************************************************************
start state: [0, 0, 0, 0]
================================================================================
[0, 1, 0, 1]
================================================================================
[0, 1, 0, 1]
================================================================================
[0, 1, 0, 1]
================================================================================
[0, 1, 0, 1]
================================================================================
[0, 1, 0, 1]
================================================================================
[0, 1, 0, 1]
================================================================================
[0, 0, 0, 1]
================================================================================
[0, 0, 0, 1]
================================================================================
[0, 0, 0, 1]
================================================================================
[0, 0, 0, 0]
================================================================================
[1, 0, 0, 1]
================================================================================
[0, 0, 0, 1]
================================================================================
[0, 0, 0, 1]
================================================================================
[0, 0, 0, 1]
================================================================================
[0, 0, 0, 1]
================================================================================
[0, 1, 0, 1]
================================================================================
[1, 1, 0, 1]
********************************************************************************
start state: [0, 0, 0, 0]
================================================================================
[0, 1, 0, 1]
================================================================================
[0, 1, 0, 0]
================================================================================
[1, 1, 0, 0]
********************************************************************************
start state: [0, 0, 0, 0]
================================================================================
[0, 1, 0, 1]
================================================================================
[0, 0, 0, 0]
================================================================================
[0, 0, 1, 0]
================================================================================
[0, 0, 0, 0]
================================================================================
[0, 0, 0, 0]
================================================================================
[1, 0, 0, 0]
================================================================================
[0, 0, 0, 0]
================================================================================
[0, 0, 1, 0]
================================================================================
[0, 0, 0, 0]
================================================================================
[0, 0, 0, 0]
================================================================================
[0, 1, 0, 0]
================================================================================
[0, 1, 0, 0]
================================================================================
[0, 1, 0, 1]
================================================================================
[0, 1, 0, 1]
================================================================================
[0, 1, 0, 1]
================================================================================
[1, 1, 0, 1]
********************************************************************************
start state: [0, 0, 0, 0]
================================================================================
[0, 1, 0, 1]
================================================================================
[0, 1, 0, 0]
================================================================================
[0, 1, 1, 0]
================================================================================
[0, 1, 0, 0]
================================================================================
[0, 1, 0, 0]
================================================================================
[1, 1, 0, 0]
********************************************************************************
start state: [0, 0, 0, 0]
================================================================================
[0, 1, 0, 1]
================================================================================
[0, 0, 0, 0]
================================================================================
[0, 1, 0, 0]
================================================================================
[0, 1, 0, 0]
================================================================================
[0, 0, 1, 0]
================================================================================
[0, 0, 0, 0]
================================================================================
[0, 0, 0, 0]
================================================================================
[1, 0, 0, 0]
================================================================================
[0, 0, 0, 0]
================================================================================
[0, 0, 0, 0]
================================================================================
[0, 0, 0, 1]
================================================================================
[0, 0, 0, 1]
================================================================================
[0, 1, 0, 1]
================================================================================
[1, 1, 0, 1]
********************************************************************************
start state: [0, 0, 0, 0]
================================================================================
[0, 1, 0, 1]
================================================================================
[0, 1, 0, 0]
================================================================================
[1, 1, 0, 0]
********************************************************************************
start state: [0, 0, 0, 0]
================================================================================
[0, 1, 0, 1]
================================================================================
[0, 1, 0, 0]
================================================================================
[0, 1, 0, 1]
================================================================================
[0, 1, 0, 1]
================================================================================
[0, 1, 0, 0]
================================================================================
[0, 1, 0, 1]
================================================================================
[0, 1, 0, 0]
================================================================================
[0, 1, 1, 0]
================================================================================
[0, 1, 0, 0]
================================================================================
[0, 1, 0, 0]
================================================================================
[0, 1, 0, 1]
================================================================================
[0, 1, 0, 1]
================================================================================
[0, 0, 0, 0]
================================================================================
[0, 1, 1, 0]
================================================================================
[0, 0, 0, 0]
================================================================================
[1, 0, 0, 1]
================================================================================
[0, 0, 0, 1]
================================================================================
[0, 0, 0, 1]
================================================================================
[0, 0, 1, 1]
********************************************************************************
start state: [0, 0, 0, 0]
================================================================================
[0, 1, 0, 1]
================================================================================
[0, 1, 0, 1]
================================================================================
[0, 1, 0, 1]
================================================================================
[0, 1, 0, 1]
================================================================================
[0, 1, 0, 1]
================================================================================
[0, 1, 0, 1]
================================================================================
[0, 1, 0, 1]
================================================================================
[0, 1, 0, 0]
================================================================================
[0, 1, 0, 1]
================================================================================
[0, 0, 0, 0]
================================================================================
[0, 0, 0, 0]
================================================================================
[1, 0, 0, 0]
================================================================================
[0, 0, 0, 0]
================================================================================
[0, 0, 1, 0]
================================================================================
[0, 1, 0, 0]
================================================================================
[0, 1, 0, 0]
================================================================================
[1, 1, 0, 1]
********************************************************************************
start state: [0, 0, 0, 0]
================================================================================
[0, 1, 0, 1]
================================================================================
[0, 1, 0, 1]
================================================================================
[0, 1, 0, 1]
================================================================================
[0, 1, 0, 1]
================================================================================
[0, 1, 0, 0]
================================================================================
[0, 1, 1, 0]
================================================================================
[0, 0, 0, 0]
================================================================================
[0, 0, 0, 0]
================================================================================
[1, 0, 0, 1]
================================================================================
[0, 0, 0, 1]
================================================================================
[0, 0, 1, 0]
================================================================================
[0, 0, 0, 0]
================================================================================
[0, 0, 0, 0]
================================================================================
[1, 0, 0, 0]
================================================================================
[0, 0, 0, 0]
================================================================================
[0, 0, 0, 1]
================================================================================
[0, 0, 0, 1]
================================================================================
[0, 0, 0, 1]
================================================================================
[0, 1, 0, 1]
================================================================================
[0, 1, 0, 1]
================================================================================
[0, 0, 1, 1]
********************************************************************************
start state: [0, 0, 0, 0]
================================================================================
[0, 1, 0, 1]
================================================================================
[0, 0, 0, 1]
================================================================================
[1, 0, 0, 1]
================================================================================
[0, 0, 0, 1]
================================================================================
[0, 1, 0, 1]
================================================================================
[0, 1, 0, 1]
================================================================================
[0, 1, 0, 1]
================================================================================
[0, 1, 0, 1]
================================================================================
[1, 1, 0, 1]
********************************************************************************
start state: [0, 0, 0, 0]
================================================================================
[0, 1, 0, 1]
================================================================================
[0, 0, 0, 0]
================================================================================
[0, 0, 1, 0]
================================================================================
[0, 0, 0, 0]
================================================================================
[0, 0, 0, 0]
================================================================================
[1, 0, 0, 0]
================================================================================
[0, 0, 0, 0]
================================================================================
[0, 0, 0, 1]
================================================================================
[0, 0, 0, 1]
================================================================================
[0, 0, 0, 1]
================================================================================
[1, 0, 0, 1]
================================================================================
[0, 0, 0, 1]
================================================================================
[0, 1, 0, 1]
================================================================================
[0, 1, 0, 1]
================================================================================
[0, 1, 0, 1]
================================================================================
[1, 1, 0, 1]
********************************************************************************
start state: [0, 0, 0, 0]
================================================================================
[0, 1, 0, 1]
================================================================================
[0, 1, 0, 0]
================================================================================
[0, 1, 1, 0]
================================================================================
[0, 1, 0, 0]
================================================================================
[0, 1, 0, 0]
================================================================================
[1, 1, 0, 0]
********************************************************************************
start state: [0, 0, 0, 0]
================================================================================
[0, 1, 0, 1]
================================================================================
[0, 0, 0, 0]
================================================================================
[0, 1, 0, 0]
================================================================================
[0, 1, 0, 0]
================================================================================
[0, 1, 0, 0]
================================================================================
[0, 1, 0, 1]
================================================================================
[0, 1, 0, 1]
================================================================================
[1, 1, 0, 1]
********************************************************************************
start state: [0, 0, 0, 0]
================================================================================
[0, 1, 0, 1]
================================================================================
[0, 1, 0, 1]
================================================================================
[0, 1, 0, 1]
================================================================================
[0, 1, 0, 1]
================================================================================
[0, 1, 0, 1]
================================================================================
[1, 1, 0, 1]
********************************************************************************
start state: [0, 0, 0, 0]
================================================================================
[0, 1, 0, 1]
================================================================================
[0, 1, 0, 0]
================================================================================
[0, 1, 1, 0]
================================================================================
[0, 1, 0, 0]
================================================================================
[0, 1, 0, 0]
================================================================================
[0, 1, 0, 0]
================================================================================
[0, 0, 0, 0]
================================================================================
[0, 0, 0, 0]
================================================================================
[0, 0, 0, 1]
================================================================================
[0, 0, 0, 0]
================================================================================
[0, 1, 0, 1]
================================================================================
[0, 1, 0, 1]
================================================================================
[0, 1, 0, 0]
================================================================================
[0, 1, 0, 1]
================================================================================
[0, 1, 0, 1]
================================================================================
[0, 1, 0, 1]
================================================================================
[1, 1, 0, 1]
********************************************************************************
start state: [0, 0, 0, 0]
================================================================================
[0, 1, 0, 1]
================================================================================
[0, 1, 0, 1]
================================================================================
[0, 1, 0, 1]
================================================================================
[0, 0, 0, 1]
================================================================================
[1, 0, 0, 1]
================================================================================
[0, 0, 0, 1]
================================================================================
[0, 0, 0, 1]
================================================================================
[0, 1, 0, 1]
================================================================================
[0, 1, 0, 1]
================================================================================
[0, 1, 0, 1]
================================================================================
[1, 1, 0, 1]
********************************************************************************
start state: [0, 0, 0, 0]
================================================================================
[0, 1, 0, 1]
================================================================================
[0, 1, 0, 1]
================================================================================
[0, 1, 0, 1]
================================================================================
[0, 1, 0, 1]
================================================================================
[0, 1, 0, 1]
================================================================================
[0, 1, 0, 1]
================================================================================
[0, 1, 0, 1]
================================================================================
[0, 0, 0, 1]
================================================================================
[0, 0, 0, 1]
================================================================================
[0, 0, 0, 1]
================================================================================
[0, 1, 0, 1]
================================================================================
[0, 1, 0, 1]
================================================================================
[0, 0, 0, 1]
================================================================================
[0, 1, 0, 1]
================================================================================
[0, 0, 0, 1]
================================================================================
[1, 0, 0, 1]
================================================================================
[0, 0, 0, 1]
================================================================================
[0, 0, 0, 1]
================================================================================
[0, 0, 1, 1]
********************************************************************************
start state: [0, 0, 0, 0]
================================================================================
[0, 1, 0, 1]
================================================================================
[0, 1, 0, 0]
================================================================================
[0, 1, 0, 0]
================================================================================
[0, 1, 0, 0]
================================================================================
[0, 1, 1, 0]
================================================================================
[0, 1, 0, 0]
================================================================================
[0, 1, 0, 0]
================================================================================
[1, 0, 0, 0]
================================================================================
[0, 0, 0, 0]
================================================================================
[0, 0, 0, 0]
================================================================================
[0, 0, 0, 1]
================================================================================
[0, 0, 0, 1]
================================================================================
[0, 0, 0, 1]
================================================================================
[0, 1, 0, 1]
================================================================================
[0, 1, 0, 1]
================================================================================
[0, 1, 0, 1]
================================================================================
[0, 1, 0, 1]
================================================================================
[0, 1, 0, 0]
================================================================================
[0, 1, 0, 1]
================================================================================
[0, 1, 0, 0]
================================================================================
[0, 1, 0, 0]
================================================================================
[0, 1, 0, 1]
================================================================================
[0, 1, 0, 0]
================================================================================
[1, 1, 0, 0]
********************************************************************************
start state: [0, 0, 0, 0]
================================================================================
[0, 1, 0, 1]
================================================================================
[0, 1, 0, 0]
================================================================================
[1, 1, 0, 0]
********************************************************************************
start state: [0, 0, 0, 0]
================================================================================
[0, 1, 0, 1]
================================================================================
[0, 0, 0, 1]
================================================================================
[0, 1, 0, 1]
================================================================================
[0, 1, 0, 1]
================================================================================
[0, 0, 0, 1]
================================================================================
[0, 0, 1, 1]
