********************************************************************************
start state: [0, 0, 0, 0, 0, 0, 0, 0]
================================================================================
[1, 0, 0, 1, 0, 0, 0, 0]
================================================================================
[1, 0, 0, 1, 0, 0, 0, 0]
================================================================================
[1, 0, 0, 1, 0, 0, 0, 0]
================================================================================
[1, 0, 0, 1, 0, 0, 0, 0]
================================================================================
[1, 0, 0, 1, 0, 0, 0, 0]
================================================================================
[1, 0, 0, 1, 0, 0, 0, 0]
================================================================================
[1, 0, 0, 1, 0, 0, 0, 0]
================================================================================
[1, 0, 0, 1, 0, 0, 0, 0]
================================================================================
[1, 0, 0, 1, 0, 0, 0, 0]
================================================================================
[1, 0, 0, 1, 0, 0, 0, 0]
================================================================================
[1, 0, 0, 1, 0, 0, 0, 0]
================================================================================
[1, 0, 0, 1, 0, 0, 0, 0]
================================================================================
[1, 0, 0, 1, 0, 0, 0, 0]
================================================================================
[1, 0, 0, 1, 0, 0, 0, 0]
================================================================================
[1, 0, 0, 1, 0, 0, 0, 0]
================================================================================
[1, 0, 0, 1, 0, 0, 0, 0]
================================================================================
[1, 0, 0, 1, 0, 0, 0, 0]
================================================================================
[1, 0, 0, 1, 0, 0, 0, 0]
================================================================================
[1, 0, 0, 1, 0, 0, 0, 0]
================================================================================
[1, 0, 0, 1, 0, 0, 0, 0]
================================================================================
[1, 0, 0, 1, 0, 0, 0, 0]
================================================================================
[1, 0, 0, 1, 0, 0, 0, 0]
================================================================================
[1, 0, 0, 1, 0, 0, 0, 0]
================================================================================
[1, 0, 0, 1, 0, 0, 0, 0]
================================================================================
[1, 0, 0, 1, 0, 0, 0, 0]
================================================================================
[1, 0, 0, 1, 0, 0, 0, 0]
================================================================================
[1, 0, 0, 1, 0, 0, 0, 0]
================================================================================
[1, 0, 0, 1, 0, 0, 0, 0]
================================================================================
[1, 0, 0, 1, 0, 0, 0, 0]
================================================================================
[1, 0, 0, 1, 0, 0, 0, 0]
================================================================================
[1, 0, 0, 1, 0, 0, 0, 0]
================================================================================
[1, 0, 0, 1, 0, 0, 0, 0]
================================================================================
[1, 0, 0, 1, 0, 0, 0, 0]
================================================================================
[1, 0, 0, 1, 0, 0, 0, 0]
================================================================================
[1, 0, 0, 1, 0, 0, 0, 0]
================================================================================
[1, 0, 0, 1, 0, 0, 0, 0]
================================================================================
[1, 0, 0, 1, 0, 0, 0, 0]
================================================================================
[1, 0, 0, 1, 0, 0, 0, 0]
================================================================================
[1, 0, 0, 1, 0, 0, 0, 0]
================================================================================
[4, 0, 0, 1, 0, 0, 3, 0]
================================================================================
[4, 0, 0, 1, 0, 0, 3, 0]
================================================================================
[4, 0, 0, 1, 0, 0, 3, 0]
================================================================================
[4, 0, 0, 1, 0, 0, 3, 0]
================================================================================
[4, 0, 0, 1, 0, 0, 3, 0]
================================================================================
[4, 0, 0, 1, 0, 0, 3, 0]
================================================================================
[8, 3, 0, 1, 0, 0, 4, 0]
================================================================================
[15, 3, 0, 2, 2, 1, 5, 2]
================================================================================
[15, 3, 0, 2, 2, 1, 5, 2]
********************************************************************************
start state: [0, 0, 0, 0, 0, 0, 0, 0]
================================================================================
[1, 0, 0, 0, 0, 1, 0, 0]
================================================================================
[1, 0, 0, 0, 0, 1, 0, 0]
================================================================================
[1, 0, 0, 0, 0, 1, 0, 0]
================================================================================
[1, 0, 0, 0, 0, 1, 0, 0]
================================================================================
[1, 0, 0, 0, 0, 1, 0, 0]
================================================================================
[1, 0, 0, 0, 0, 1, 0, 0]
================================================================================
[1, 0, 0, 0, 0, 1, 0, 0]
================================================================================
[1, 0, 0, 0, 0, 1, 0, 0]
================================================================================
[1, 0, 0, 0, 0, 1, 0, 0]
================================================================================
[1, 0, 0, 0, 0, 1, 0, 0]
================================================================================
[1, 0, 0, 0, 0, 1, 0, 0]
================================================================================
[1, 0, 0, 0, 0, 1, 0, 0]
================================================================================
[1, 0, 0, 0, 0, 1, 0, 0]
================================================================================
[1, 0, 0, 0, 0, 1, 0, 0]
================================================================================
[1, 0, 0, 0, 0, 1, 0, 0]
================================================================================
[1, 0, 0, 0, 0, 1, 0, 0]
================================================================================
[1, 0, 0, 0, 0, 1, 0, 0]
================================================================================
[1, 0, 0, 0, 0, 1, 0, 0]
================================================================================
[1, 0, 0, 0, 0, 1, 0, 0]
================================================================================
[1, 0, 0, 0, 0, 1, 0, 0]
================================================================================
[1, 0, 0, 0, 0, 1, 0, 0]
================================================================================
[1, 0, 0, 0, 0, 1, 0, 0]
================================================================================
[1, 0, 0, 0, 0, 1, 0, 0]
================================================================================
[1, 0, 0, 0, 0, 1, 0, 0]
================================================================================
[1, 0, 0, 0, 0, 1, 0, 0]
================================================================================
[1, 0, 0, 0, 0, 1, 0, 0]
================================================================================
[1, 0, 0, 0, 0, 1, 0, 0]
================================================================================
[1, 0, 0, 0, 0, 1, 0, 0]
================================================================================
[1, 0, 0, 0, 0, 1, 0, 0]
================================================================================
[1, 0, 0, 0, 0, 1, 0, 0]
================================================================================
[1, 0, 0, 0, 0, 1, 0, 0]
================================================================================
[1, 0, 0, 0, 0, 1, 0, 0]
================================================================================
[1, 0, 0, 0, 0, 1, 0, 0]
================================================================================
[1, 0, 0, 0, 0, 1, 0, 0]
================================================================================
[1, 0, 0, 0, 0, 1, 0, 0]
================================================================================
[2, 0, 0, 0, 0, 2, 0, 0]
================================================================================
[3, 0, 0, 0, 1, 2, 0, 0]
================================================================================
[7, 0, 1, 1, 1, 3, 0, 1]
================================================================================
[7, 0, 1, 1, 1, 3, 0, 1]
================================================================================
[7, 0, 1, 1, 1, 3, 0, 1]
================================================================================
[7, 0, 1, 1, 1, 3, 0, 1]
================================================================================
[7, 0, 1, 1, 1, 3, 0, 1]
================================================================================
[14, 0, 1, 1, 5, 5, 0, 2]
================================================================================
[14, 0, 1, 1, 5, 5, 0, 2]
================================================================================
[14, 0, 1, 1, 5, 5, 0, 2]
================================================================================
[14, 0, 1, 1, 5, 5, 0, 2]
================================================================================
[14, 0, 1, 1, 5, 5, 0, 2]
================================================================================
[14, 0, 1, 1, 5, 5, 0, 2]
================================================================================
[14, 0, 1, 1, 5, 5, 0, 2]
================================================================================
[14, 0, 1, 1, 5, 5, 0, 2]
================================================================================
[14, 0, 1, 1, 5, 5, 0, 2]
================================================================================
[14, 0, 1, 1, 5, 5, 0, 2]
================================================================================
[14, 0, 1, 1, 5, 5, 0, 2]
================================================================================
[14, 0, 1, 1, 5, 5, 0, 2]
================================================================================
[17, 1, 1, 2, 5, 5, 0, 3]
================================================================================
[17, 1, 1, 2, 5, 5, 0, 3]
********************************************************************************
start state: [0, 0, 0, 0, 0, 0, 0, 0]
================================================================================
[1, 0, 0, 0, 1, 0, 0, 0]
================================================================================
[1, 0, 0, 0, 1, 0, 0, 0]
================================================================================
[1, 0, 0, 0, 1, 0, 0, 0]
================================================================================
[1, 0, 0, 0, 1, 0, 0, 0]
================================================================================
[1, 0, 0, 0, 1, 0, 0, 0]
================================================================================
[1, 0, 0, 0, 1, 0, 0, 0]
================================================================================
[1, 0, 0, 0, 1, 0, 0, 0]
================================================================================
[1, 0, 0, 0, 1, 0, 0, 0]
================================================================================
[1, 0, 0, 0, 1, 0, 0, 0]
================================================================================
[1, 0, 0, 0, 1, 0, 0, 0]
================================================================================
[1, 0, 0, 0, 1, 0, 0, 0]
================================================================================
[1, 0, 0, 0, 1, 0, 0, 0]
================================================================================
[1, 0, 0, 0, 1, 0, 0, 0]
================================================================================
[1, 0, 0, 0, 1, 0, 0, 0]
================================================================================
[1, 0, 0, 0, 1, 0, 0, 0]
================================================================================
[1, 0, 0, 0, 1, 0, 0, 0]
================================================================================
[1, 0, 0, 0, 1, 0, 0, 0]
================================================================================
[1, 0, 0, 0, 1, 0, 0, 0]
================================================================================
[1, 0, 0, 0, 1, 0, 0, 0]
================================================================================
[1, 0, 0, 0, 1, 0, 0, 0]
================================================================================
[1, 0, 0, 0, 1, 0, 0, 0]
================================================================================
[1, 0, 0, 0, 1, 0, 0, 0]
================================================================================
[1, 0, 0, 0, 1, 0, 0, 0]
================================================================================
[1, 0, 0, 0, 1, 0, 0, 0]
================================================================================
[1, 0, 0, 0, 1, 0, 0, 0]
================================================================================
[1, 0, 0, 0, 1, 0, 0, 0]
================================================================================
[1, 0, 0, 0, 1, 0, 0, 0]
================================================================================
[1, 0, 0, 0, 1, 0, 0, 0]
================================================================================
[1, 0, 0, 0, 1, 0, 0, 0]
================================================================================
[1, 0, 0, 0, 1, 0, 0, 0]
================================================================================
[1, 0, 0, 0, 1, 0, 0, 0]
================================================================================
[1, 0, 0, 0, 1, 0, 0, 0]
================================================================================
[1, 0, 0, 0, 1, 0, 0, 0]
================================================================================
[1, 0, 0, 0, 1, 0, 0, 0]
================================================================================
[1, 0, 0, 0, 1, 0, 0, 0]
================================================================================
[1, 0, 0, 0, 1, 0, 0, 0]
================================================================================
[1, 0, 0, 0, 1, 0, 0, 0]
================================================================================
[4, 1, 0, 1, 1, 1, 0, 0]
================================================================================
[8, 2, 0, 3, 1, 1, 0, 1]
================================================================================
[8, 2, 0, 3, 1, 1, 0, 1]
================================================================================
[8, 2, 0, 3, 1, 1, 0, 1]
================================================================================
[8, 2, 0, 3, 1, 1, 0, 1]
================================================================================
[8, 2, 0, 3, 1, 1, 0, 1]
================================================================================
[15, 4, 1, 4, 1, 2, 1, 2]
================================================================================
[15, 4, 1, 4, 1, 2, 1, 2]
********************************************************************************
start state: [0, 0, 0, 0, 0, 0, 0, 0]
================================================================================
[1, 0, 0, 0, 0, 1, 0, 0]
================================================================================
[1, 0, 0, 0, 0, 1, 0, 0]
================================================================================
[1, 0, 0, 0, 0, 1, 0, 0]
================================================================================
[1, 0, 0, 0, 0, 1, 0, 0]
================================================================================
[1, 0, 0, 0, 0, 1, 0, 0]
================================================================================
[1, 0, 0, 0, 0, 1, 0, 0]
================================================================================
[1, 0, 0, 0, 0, 1, 0, 0]
================================================================================
[1, 0, 0, 0, 0, 1, 0, 0]
================================================================================
[1, 0, 0, 0, 0, 1, 0, 0]
================================================================================
[1, 0, 0, 0, 0, 1, 0, 0]
================================================================================
[1, 0, 0, 0, 0, 1, 0, 0]
================================================================================
[1, 0, 0, 0, 0, 1, 0, 0]
================================================================================
[1, 0, 0, 0, 0, 1, 0, 0]
================================================================================
[1, 0, 0, 0, 0, 1, 0, 0]
================================================================================
[1, 0, 0, 0, 0, 1, 0, 0]
================================================================================
[1, 0, 0, 0, 0, 1, 0, 0]
================================================================================
[1, 0, 0, 0, 0, 1, 0, 0]
================================================================================
[1, 0, 0, 0, 0, 1, 0, 0]
================================================================================
[1, 0, 0, 0, 0, 1, 0, 0]
================================================================================
[1, 0, 0, 0, 0, 1, 0, 0]
================================================================================
[1, 0, 0, 0, 0, 1, 0, 0]
================================================================================
[1, 0, 0, 0, 0, 1, 0, 0]
================================================================================
[1, 0, 0, 0, 0, 1, 0, 0]
================================================================================
[1, 0, 0, 0, 0, 1, 0, 0]
================================================================================
[1, 0, 0, 0, 0, 1, 0, 0]
================================================================================
[1, 0, 0, 0, 0, 1, 0, 0]
================================================================================
[1, 0, 0, 0, 0, 1, 0, 0]
================================================================================
[1, 0, 0, 0, 0, 1, 0, 0]
================================================================================
[1, 0, 0, 0, 0, 1, 0, 0]
================================================================================
[1, 0, 0, 0, 0, 1, 0, 0]
================================================================================
[1, 0, 0, 0, 0, 1, 0, 0]
================================================================================
[1, 0, 0, 0, 0, 1, 0, 0]
================================================================================
[1, 0, 0, 0, 0, 1, 0, 0]
================================================================================
[1, 0, 0, 0, 0, 1, 0, 0]
================================================================================
[1, 0, 0, 0, 0, 1, 0, 0]
================================================================================
[1, 0, 0, 0, 0, 1, 0, 0]
================================================================================
[3, 0, 0, 0, 1, 2, 0, 0]
================================================================================
[7, 0, 0, 1, 2, 2, 2, 0]
================================================================================
[15, 0, 3, 2, 3, 4, 3, 0]
================================================================================
[15, 0, 3, 2, 3, 4, 3, 0]
********************************************************************************
start state: [0, 0, 0, 0, 0, 0, 0, 0]
================================================================================
[1, 1, 0, 0, 0, 0, 0, 0]
================================================================================
[1, 1, 0, 0, 0, 0, 0, 0]
================================================================================
[1, 1, 0, 0, 0, 0, 0, 0]
================================================================================
[1, 1, 0, 0, 0, 0, 0, 0]
================================================================================
[1, 1, 0, 0, 0, 0, 0, 0]
================================================================================
[1, 1, 0, 0, 0, 0, 0, 0]
================================================================================
[1, 1, 0, 0, 0, 0, 0, 0]
================================================================================
[1, 1, 0, 0, 0, 0, 0, 0]
================================================================================
[1, 1, 0, 0, 0, 0, 0, 0]
================================================================================
[1, 1, 0, 0, 0, 0, 0, 0]
================================================================================
[1, 1, 0, 0, 0, 0, 0, 0]
================================================================================
[1, 1, 0, 0, 0, 0, 0, 0]
================================================================================
[1, 1, 0, 0, 0, 0, 0, 0]
================================================================================
[1, 1, 0, 0, 0, 0, 0, 0]
================================================================================
[1, 1, 0, 0, 0, 0, 0, 0]
================================================================================
[1, 1, 0, 0, 0, 0, 0, 0]
================================================================================
[1, 1, 0, 0, 0, 0, 0, 0]
================================================================================
[1, 1, 0, 0, 0, 0, 0, 0]
================================================================================
[1, 1, 0, 0, 0, 0, 0, 0]
================================================================================
[1, 1, 0, 0, 0, 0, 0, 0]
================================================================================
[1, 1, 0, 0, 0, 0, 0, 0]
================================================================================
[1, 1, 0, 0, 0, 0, 0, 0]
================================================================================
[1, 1, 0, 0, 0, 0, 0, 0]
================================================================================
[1, 1, 0, 0, 0, 0, 0, 0]
================================================================================
[1, 1, 0, 0, 0, 0, 0, 0]
================================================================================
[1, 1, 0, 0, 0, 0, 0, 0]
================================================================================
[1, 1, 0, 0, 0, 0, 0, 0]
================================================================================
[1, 1, 0, 0, 0, 0, 0, 0]
================================================================================
[1, 1, 0, 0, 0, 0, 0, 0]
================================================================================
[1, 1, 0, 0, 0, 0, 0, 0]
================================================================================
[1, 1, 0, 0, 0, 0, 0, 0]
================================================================================
[1, 1, 0, 0, 0, 0, 0, 0]
================================================================================
[1, 1, 0, 0, 0, 0, 0, 0]
================================================================================
[1, 1, 0, 0, 0, 0, 0, 0]
================================================================================
[1, 1, 0, 0, 0, 0, 0, 0]
================================================================================
[3, 1, 1, 0, 0, 0, 0, 1]
================================================================================
[3, 1, 1, 0, 0, 0, 0, 1]
================================================================================
[3, 1, 1, 0, 0, 0, 0, 1]
================================================================================
[6, 1, 1, 0, 2, 0, 0, 2]
================================================================================
[6, 1, 1, 0, 2, 0, 0, 2]
================================================================================
[6, 1, 1, 0, 2, 0, 0, 2]
================================================================================
[6, 1, 1, 0, 2, 0, 0, 2]
================================================================================
[6, 1, 1, 0, 2, 0, 0, 2]
================================================================================
[11, 1, 3, 0, 2, 1, 0, 4]
================================================================================
[11, 1, 3, 0, 2, 1, 0, 4]
================================================================================
[11, 1, 3, 0, 2, 1, 0, 4]
================================================================================
[11, 1, 3, 0, 2, 1, 0, 4]
================================================================================
[11, 1, 3, 0, 2, 1, 0, 4]
================================================================================
[11, 1, 3, 0, 2, 1, 0, 4]
================================================================================
[17, 1, 5, 2, 2, 1, 0, 6]
================================================================================
[17, 1, 5, 2, 2, 1, 0, 6]
********************************************************************************
start state: [0, 0, 0, 0, 0, 0, 0, 0]
================================================================================
[1, 0, 0, 0, 0, 0, 1, 0]
================================================================================
[1, 0, 0, 0, 0, 0, 1, 0]
================================================================================
[1, 0, 0, 0, 0, 0, 1, 0]
================================================================================
[1, 0, 0, 0, 0, 0, 1, 0]
================================================================================
[1, 0, 0, 0, 0, 0, 1, 0]
================================================================================
[1, 0, 0, 0, 0, 0, 1, 0]
================================================================================
[1, 0, 0, 0, 0, 0, 1, 0]
================================================================================
[1, 0, 0, 0, 0, 0, 1, 0]
================================================================================
[1, 0, 0, 0, 0, 0, 1, 0]
================================================================================
[1, 0, 0, 0, 0, 0, 1, 0]
================================================================================
[1, 0, 0, 0, 0, 0, 1, 0]
================================================================================
[1, 0, 0, 0, 0, 0, 1, 0]
================================================================================
[1, 0, 0, 0, 0, 0, 1, 0]
================================================================================
[1, 0, 0, 0, 0, 0, 1, 0]
================================================================================
[1, 0, 0, 0, 0, 0, 1, 0]
================================================================================
[1, 0, 0, 0, 0, 0, 1, 0]
================================================================================
[1, 0, 0, 0, 0, 0, 1, 0]
================================================================================
[1, 0, 0, 0, 0, 0, 1, 0]
================================================================================
[1, 0, 0, 0, 0, 0, 1, 0]
================================================================================
[1, 0, 0, 0, 0, 0, 1, 0]
================================================================================
[1, 0, 0, 0, 0, 0, 1, 0]
================================================================================
[1, 0, 0, 0, 0, 0, 1, 0]
================================================================================
[1, 0, 0, 0, 0, 0, 1, 0]
================================================================================
[1, 0, 0, 0, 0, 0, 1, 0]
================================================================================
[1, 0, 0, 0, 0, 0, 1, 0]
================================================================================
[1, 0, 0, 0, 0, 0, 1, 0]
================================================================================
[1, 0, 0, 0, 0, 0, 1, 0]
================================================================================
[1, 0, 0, 0, 0, 0, 1, 0]
================================================================================
[1, 0, 0, 0, 0, 0, 1, 0]
================================================================================
[1, 0, 0, 0, 0, 0, 1, 0]
================================================================================
[1, 0, 0, 0, 0, 0, 1, 0]
================================================================================
[1, 0, 0, 0, 0, 0, 1, 0]
================================================================================
[1, 0, 0, 0, 0, 0, 1, 0]
================================================================================
[1, 0, 0, 0, 0, 0, 1, 0]
================================================================================
[1, 0, 0, 0, 0, 0, 1, 0]
================================================================================
[1, 0, 0, 0, 0, 0, 1, 0]
================================================================================
[1, 0, 0, 0, 0, 0, 1, 0]
================================================================================
[1, 0, 0, 0, 0, 0, 1, 0]
================================================================================
[1, 0, 0, 0, 0, 0, 1, 0]
================================================================================
[1, 0, 0, 0, 0, 0, 1, 0]
================================================================================
[4, 1, 1, 1, 0, 0, 1, 0]
================================================================================
[4, 1, 1, 1, 0, 0, 1, 0]
================================================================================
[4, 1, 1, 1, 0, 0, 1, 0]
================================================================================
[4, 1, 1, 1, 0, 0, 1, 0]
================================================================================
[8, 3, 2, 1, 1, 0, 1, 0]
================================================================================
[16, 4, 3, 3, 3, 1, 2, 0]
================================================================================
[16, 4, 3, 3, 3, 1, 2, 0]
********************************************************************************
start state: [0, 0, 0, 0, 0, 0, 0, 0]
================================================================================
[1, 1, 0, 0, 0, 0, 0, 0]
================================================================================
[1, 1, 0, 0, 0, 0, 0, 0]
================================================================================
[1, 1, 0, 0, 0, 0, 0, 0]
================================================================================
[1, 1, 0, 0, 0, 0, 0, 0]
================================================================================
[1, 1, 0, 0, 0, 0, 0, 0]
================================================================================
[1, 1, 0, 0, 0, 0, 0, 0]
================================================================================
[1, 1, 0, 0, 0, 0, 0, 0]
================================================================================
[1, 1, 0, 0, 0, 0, 0, 0]
================================================================================
[1, 1, 0, 0, 0, 0, 0, 0]
================================================================================
[1, 1, 0, 0, 0, 0, 0, 0]
================================================================================
[1, 1, 0, 0, 0, 0, 0, 0]
================================================================================
[1, 1, 0, 0, 0, 0, 0, 0]
================================================================================
[1, 1, 0, 0, 0, 0, 0, 0]
================================================================================
[1, 1, 0, 0, 0, 0, 0, 0]
================================================================================
[1, 1, 0, 0, 0, 0, 0, 0]
================================================================================
[1, 1, 0, 0, 0, 0, 0, 0]
================================================================================
[1, 1, 0, 0, 0, 0, 0, 0]
================================================================================
[1, 1, 0, 0, 0, 0, 0, 0]
================================================================================
[1, 1, 0, 0, 0, 0, 0, 0]
================================================================================
[1, 1, 0, 0, 0, 0, 0, 0]
================================================================================
[1, 1, 0, 0, 0, 0, 0, 0]
================================================================================
[1, 1, 0, 0, 0, 0, 0, 0]
================================================================================
[1, 1, 0, 0, 0, 0, 0, 0]
================================================================================
[1, 1, 0, 0, 0, 0, 0, 0]
================================================================================
[1, 1, 0, 0, 0, 0, 0, 0]
================================================================================
[1, 1, 0, 0, 0, 0, 0, 0]
================================================================================
[1, 1, 0, 0, 0, 0, 0, 0]
================================================================================
[1, 1, 0, 0, 0, 0, 0, 0]
================================================================================
[1, 1, 0, 0, 0, 0, 0, 0]
================================================================================
[1, 1, 0, 0, 0, 0, 0, 0]
================================================================================
[1, 1, 0, 0, 0, 0, 0, 0]
================================================================================
[1, 1, 0, 0, 0, 0, 0, 0]
================================================================================
[1, 1, 0, 0, 0, 0, 0, 0]
================================================================================
[1, 1, 0, 0, 0, 0, 0, 0]
================================================================================
[1, 1, 0, 0, 0, 0, 0, 0]
================================================================================
[1, 1, 0, 0, 0, 0, 0, 0]
================================================================================
[5, 1, 1, 0, 1, 0, 2, 0]
================================================================================
[5, 1, 1, 0, 1, 0, 2, 0]
================================================================================
[5, 1, 1, 0, 1, 0, 2, 0]
================================================================================
[5, 1, 1, 0, 1, 0, 2, 0]
================================================================================
[5, 1, 1, 0, 1, 0, 2, 0]
================================================================================
[5, 1, 1, 0, 1, 0, 2, 0]
================================================================================
[5, 1, 1, 0, 1, 0, 2, 0]
================================================================================
[5, 1, 1, 0, 1, 0, 2, 0]
================================================================================
[5, 1, 1, 0, 1, 0, 2, 0]
================================================================================
[5, 1, 1, 0, 1, 0, 2, 0]
================================================================================
[9, 2, 1, 3, 1, 0, 2, 0]
================================================================================
[9, 2, 1, 3, 1, 0, 2, 0]
================================================================================
[9, 2, 1, 3, 1, 0, 2, 0]
================================================================================
[16, 4, 2, 3, 2, 1, 3, 1]
================================================================================
[16, 4, 2, 3, 2, 1, 3, 1]
********************************************************************************
start state: [0, 0, 0, 0, 0, 0, 0, 0]
================================================================================
[1, 1, 0, 0, 0, 0, 0, 0]
================================================================================
[1, 1, 0, 0, 0, 0, 0, 0]
================================================================================
[1, 1, 0, 0, 0, 0, 0, 0]
================================================================================
[1, 1, 0, 0, 0, 0, 0, 0]
================================================================================
[1, 1, 0, 0, 0, 0, 0, 0]
================================================================================
[1, 1, 0, 0, 0, 0, 0, 0]
================================================================================
[1, 1, 0, 0, 0, 0, 0, 0]
================================================================================
[1, 1, 0, 0, 0, 0, 0, 0]
================================================================================
[1, 1, 0, 0, 0, 0, 0, 0]
================================================================================
[1, 1, 0, 0, 0, 0, 0, 0]
================================================================================
[1, 1, 0, 0, 0, 0, 0, 0]
================================================================================
[1, 1, 0, 0, 0, 0, 0, 0]
================================================================================
[1, 1, 0, 0, 0, 0, 0, 0]
================================================================================
[1, 1, 0, 0, 0, 0, 0, 0]
================================================================================
[1, 1, 0, 0, 0, 0, 0, 0]
================================================================================
[1, 1, 0, 0, 0, 0, 0, 0]
================================================================================
[1, 1, 0, 0, 0, 0, 0, 0]
================================================================================
[1, 1, 0, 0, 0, 0, 0, 0]
================================================================================
[1, 1, 0, 0, 0, 0, 0, 0]
================================================================================
[1, 1, 0, 0, 0, 0, 0, 0]
================================================================================
[1, 1, 0, 0, 0, 0, 0, 0]
================================================================================
[1, 1, 0, 0, 0, 0, 0, 0]
================================================================================
[1, 1, 0, 0, 0, 0, 0, 0]
================================================================================
[1, 1, 0, 0, 0, 0, 0, 0]
================================================================================
[1, 1, 0, 0, 0, 0, 0, 0]
================================================================================
[1, 1, 0, 0, 0, 0, 0, 0]
================================================================================
[1, 1, 0, 0, 0, 0, 0, 0]
================================================================================
[1, 1, 0, 0, 0, 0, 0, 0]
================================================================================
[1, 1, 0, 0, 0, 0, 0, 0]
================================================================================
[1, 1, 0, 0, 0, 0, 0, 0]
================================================================================
[1, 1, 0, 0, 0, 0, 0, 0]
================================================================================
[1, 1, 0, 0, 0, 0, 0, 0]
================================================================================
[1, 1, 0, 0, 0, 0, 0, 0]
================================================================================
[1, 1, 0, 0, 0, 0, 0, 0]
================================================================================
[1, 1, 0, 0, 0, 0, 0, 0]
================================================================================
[1, 1, 0, 0, 0, 0, 0, 0]
================================================================================
[1, 1, 0, 0, 0, 0, 0, 0]
================================================================================
[1, 1, 0, 0, 0, 0, 0, 0]
================================================================================
[4, 2, 0, 1, 0, 0, 0, 1]
================================================================================
[4, 2, 0, 1, 0, 0, 0, 1]
================================================================================
[4, 2, 0, 1, 0, 0, 0, 1]
================================================================================
[4, 2, 0, 1, 0, 0, 0, 1]
================================================================================
[4, 2, 0, 1, 0, 0, 0, 1]
================================================================================
[4, 2, 0, 1, 0, 0, 0, 1]
================================================================================
[4, 2, 0, 1, 0, 0, 0, 1]
================================================================================
[4, 2, 0, 1, 0, 0, 0, 1]
================================================================================
[4, 2, 0, 1, 0, 0, 0, 1]
================================================================================
[8, 3, 0, 1, 3, 0, 0, 1]
================================================================================
[8, 3, 0, 1, 3, 0, 0, 1]
================================================================================
[13, 4, 1, 1, 5, 1, 0, 1]
================================================================================
[13, 4, 1, 1, 5, 1, 0, 1]
================================================================================
[13, 4, 1, 1, 5, 1, 0, 1]
================================================================================
[13, 4, 1, 1, 5, 1, 0, 1]
================================================================================
[13, 4, 1, 1, 5, 1, 0, 1]
================================================================================
[13, 4, 1, 1, 5, 1, 0, 1]
================================================================================
[13, 4, 1, 1, 5, 1, 0, 1]
================================================================================
[13, 4, 1, 1, 5, 1, 0, 1]
================================================================================
[19, 4, 2, 3, 5, 2, 1, 2]
================================================================================
[19, 4, 2, 3, 5, 2, 1, 2]
********************************************************************************
start state: [0, 0, 0, 0, 0, 0, 0, 0]
================================================================================
[1, 0, 0, 0, 0, 0, 0, 1]
================================================================================
[1, 0, 0, 0, 0, 0, 0, 1]
================================================================================
[1, 0, 0, 0, 0, 0, 0, 1]
================================================================================
[1, 0, 0, 0, 0, 0, 0, 1]
================================================================================
[1, 0, 0, 0, 0, 0, 0, 1]
================================================================================
[1, 0, 0, 0, 0, 0, 0, 1]
================================================================================
[1, 0, 0, 0, 0, 0, 0, 1]
================================================================================
[1, 0, 0, 0, 0, 0, 0, 1]
================================================================================
[1, 0, 0, 0, 0, 0, 0, 1]
================================================================================
[1, 0, 0, 0, 0, 0, 0, 1]
================================================================================
[1, 0, 0, 0, 0, 0, 0, 1]
================================================================================
[1, 0, 0, 0, 0, 0, 0, 1]
================================================================================
[1, 0, 0, 0, 0, 0, 0, 1]
================================================================================
[1, 0, 0, 0, 0, 0, 0, 1]
================================================================================
[1, 0, 0, 0, 0, 0, 0, 1]
================================================================================
[1, 0, 0, 0, 0, 0, 0, 1]
================================================================================
[1, 0, 0, 0, 0, 0, 0, 1]
================================================================================
[1, 0, 0, 0, 0, 0, 0, 1]
================================================================================
[1, 0, 0, 0, 0, 0, 0, 1]
================================================================================
[1, 0, 0, 0, 0, 0, 0, 1]
================================================================================
[1, 0, 0, 0, 0, 0, 0, 1]
================================================================================
[1, 0, 0, 0, 0, 0, 0, 1]
================================================================================
[1, 0, 0, 0, 0, 0, 0, 1]
================================================================================
[1, 0, 0, 0, 0, 0, 0, 1]
================================================================================
[1, 0, 0, 0, 0, 0, 0, 1]
================================================================================
[1, 0, 0, 0, 0, 0, 0, 1]
================================================================================
[1, 0, 0, 0, 0, 0, 0, 1]
================================================================================
[1, 0, 0, 0, 0, 0, 0, 1]
================================================================================
[1, 0, 0, 0, 0, 0, 0, 1]
================================================================================
[1, 0, 0, 0, 0, 0, 0, 1]
================================================================================
[1, 0, 0, 0, 0, 0, 0, 1]
================================================================================
[1, 0, 0, 0, 0, 0, 0, 1]
================================================================================
[1, 0, 0, 0, 0, 0, 0, 1]
================================================================================
[1, 0, 0, 0, 0, 0, 0, 1]
================================================================================
[1, 0, 0, 0, 0, 0, 0, 1]
================================================================================
[1, 0, 0, 0, 0, 0, 0, 1]
================================================================================
[1, 0, 0, 0, 0, 0, 0, 1]
================================================================================
[1, 0, 0, 0, 0, 0, 0, 1]
================================================================================
[4, 0, 0, 0, 1, 1, 0, 2]
================================================================================
[4, 0, 0, 0, 1, 1, 0, 2]
================================================================================
[7, 2, 0, 0, 1, 1, 1, 2]
================================================================================
[7, 2, 0, 0, 1, 1, 1, 2]
================================================================================
[7, 2, 0, 0, 1, 1, 1, 2]
================================================================================
[16, 4, 2, 2, 1, 1, 2, 4]
================================================================================
[16, 4, 2, 2, 1, 1, 2, 4]
********************************************************************************
start state: [0, 0, 0, 0, 0, 0, 0, 0]
================================================================================
[1, 0, 0, 0, 0, 1, 0, 0]
================================================================================
[1, 0, 0, 0, 0, 1, 0, 0]
================================================================================
[1, 0, 0, 0, 0, 1, 0, 0]
================================================================================
[1, 0, 0, 0, 0, 1, 0, 0]
================================================================================
[1, 0, 0, 0, 0, 1, 0, 0]
================================================================================
[1, 0, 0, 0, 0, 1, 0, 0]
================================================================================
[1, 0, 0, 0, 0, 1, 0, 0]
================================================================================
[1, 0, 0, 0, 0, 1, 0, 0]
================================================================================
[1, 0, 0, 0, 0, 1, 0, 0]
================================================================================
[1, 0, 0, 0, 0, 1, 0, 0]
================================================================================
[1, 0, 0, 0, 0, 1, 0, 0]
================================================================================
[1, 0, 0, 0, 0, 1, 0, 0]
================================================================================
[1, 0, 0, 0, 0, 1, 0, 0]
================================================================================
[1, 0, 0, 0, 0, 1, 0, 0]
================================================================================
[1, 0, 0, 0, 0, 1, 0, 0]
================================================================================
[1, 0, 0, 0, 0, 1, 0, 0]
================================================================================
[1, 0, 0, 0, 0, 1, 0, 0]
================================================================================
[1, 0, 0, 0, 0, 1, 0, 0]
================================================================================
[1, 0, 0, 0, 0, 1, 0, 0]
================================================================================
[1, 0, 0, 0, 0, 1, 0, 0]
================================================================================
[1, 0, 0, 0, 0, 1, 0, 0]
================================================================================
[1, 0, 0, 0, 0, 1, 0, 0]
================================================================================
[1, 0, 0, 0, 0, 1, 0, 0]
================================================================================
[1, 0, 0, 0, 0, 1, 0, 0]
================================================================================
[1, 0, 0, 0, 0, 1, 0, 0]
================================================================================
[1, 0, 0, 0, 0, 1, 0, 0]
================================================================================
[1, 0, 0, 0, 0, 1, 0, 0]
================================================================================
[1, 0, 0, 0, 0, 1, 0, 0]
================================================================================
[1, 0, 0, 0, 0, 1, 0, 0]
================================================================================
[1, 0, 0, 0, 0, 1, 0, 0]
================================================================================
[1, 0, 0, 0, 0, 1, 0, 0]
================================================================================
[1, 0, 0, 0, 0, 1, 0, 0]
================================================================================
[1, 0, 0, 0, 0, 1, 0, 0]
================================================================================
[1, 0, 0, 0, 0, 1, 0, 0]
================================================================================
[1, 0, 0, 0, 0, 1, 0, 0]
================================================================================
[1, 0, 0, 0, 0, 1, 0, 0]
================================================================================
[1, 0, 0, 0, 0, 1, 0, 0]
================================================================================
[5, 0, 1, 1, 1, 2, 0, 0]
================================================================================
[5, 0, 1, 1, 1, 2, 0, 0]
================================================================================
[10, 2, 2, 2, 1, 3, 0, 0]
================================================================================
[15, 3, 2, 2, 2, 5, 1, 0]
================================================================================
[15, 3, 2, 2, 2, 5, 1, 0]
